# Tab-delimeted format
#Oswald	400,700	latin,latin-ext

# Google format
# https://fonts.google.com/specimen/Roboto+Flex
Inter:wght@100;200;300;400;500;600;700;800;900
Roboto+Flex:opsz,wght@8..144,100;8..144,200;8..144,300;8..144,400;8..144,500;8..144,600;8..144,700;8..144,800;8..144,900
#Roboto+Flex:opsz,wght@8..144,100;8..144,200;8..144,300;8..144,400;8..144,500;8..144,600;8..144,700;8..144,800;8..144,900;8..144,1000
#Nunito:ital,wght@0,200;0,300;0,400;0,500;0,600;0,700;0,800;0,900;1,200;1,300;1,400;1,500;1,600;1,700;1,800;1,900
#Open+Sans:ital,wght@0,300;0,400;0,500;0,600;0,700;0,800;1,300;1,400;1,500;1,600;1,700;1,800
#Anybody:ital,wght@0,100;0,200;0,300;0,400;0,500;0,600;0,700;0,800;0,900;1,100;1,200;1,300;1,400;1,500;1,600;1,700;1,800;1,900
